{
    "poses": [
        [
            [
                0.9117289781570435,
                0.12235207855701447,
                -0.39214828610420227,
                -0.13477088510990143,
                384.0
            ],
            [
                -0.08208605647087097,
                0.9896245002746582,
                0.11792062968015671,
                0.04154863953590393,
                512.0
            ],
            [
                0.40250736474990845,
                -0.0753217488527298,
                0.9123126864433289,
                -0.015281870029866695,
                256.6095275878906
            ]
        ],
        [
            [
                0.9122157096862793,
                0.12483399361371994,
                -0.3902294933795929,
                -0.13509055972099304,
                384.0
            ],
            [
                -0.08451389521360397,
                0.9893012642860413,
                0.1189134493470192,
                0.041708435863256454,
                512.0
            ],
            [
                0.40089893341064453,
                -0.07549490034580231,
                0.9130063056945801,
                -0.01594848558306694,
                256.6095275878906
            ]
        ],
        [
            [
                0.9116145372390747,
                0.12558941543102264,
                -0.3913901150226593,
                -0.13486218452453613,
                384.0
            ],
            [
                -0.08649086952209473,
                0.9894704818725586,
                0.11604966223239899,
                0.04182403162121773,
                512.0
            ],
            [
                0.40184351801872253,
                -0.07194088399410248,
                0.9128780364990234,
                -0.01619366928935051,
                256.6095275878906
            ]
        ],
        [
            [
                0.911583662033081,
                0.12717702984809875,
                -0.3909490704536438,
                -0.13479739427566528,
                384.0
            ],
            [
                -0.08796856552362442,
                0.9892645478248596,
                0.11669299006462097,
                0.04194920137524605,
                512.0
            ],
            [
                0.4015927016735077,
                -0.0719841942191124,
                0.9129849672317505,
                -0.016572175547480583,
                256.6095275878906
            ]
        ],
        [
            [
                0.9120714664459229,
                0.1251116394996643,
                -0.3904775381088257,
                -0.13410478830337524,
                384.0
            ],
            [
                -0.08679734170436859,
                0.9896417260169983,
                0.11434800922870636,
                0.04185512289404869,
                512.0
            ],
            [
                0.4007391035556793,
                -0.0704011395573616,
                0.9134833216667175,
                -0.017239267006516457,
                256.6095275878906
            ]
        ],
        [
            [
                0.9155142903327942,
                0.1249588131904602,
                -0.382385790348053,
                -0.13217595219612122,
                384.0
            ],
            [
                -0.08717069029808044,
                0.989571213722229,
                0.11467383801937103,
                0.04136565700173378,
                512.0
            ],
            [
                0.39272743463516235,
                -0.07165270298719406,
                0.9168593287467957,
                -0.0173459704965353,
                256.6095275878906
            ]
        ],
        [
            [
                0.9199292063713074,
                0.11939561367034912,
                -0.37346339225769043,
                -0.1294868141412735,
                384.0
            ],
            [
                -0.08239802718162537,
                0.9901072978973389,
                0.11356967687606812,
                0.0407518595457077,
                512.0
            ],
            [
                0.38332849740982056,
                -0.07370343059301376,
                0.9206666350364685,
                -0.01782086305320263,
                256.6095275878906
            ]
        ],
        [
            [
                0.9292348027229309,
                0.10953812301158905,
                -0.35287970304489136,
                -0.12528356909751892,
                384.0
            ],
            [
                -0.07871432602405548,
                0.9918091297149658,
                0.10059182345867157,
                0.038162440061569214,
                512.0
            ],
            [
                0.3610078990459442,
                -0.06569673120975494,
                0.9302457571029663,
                -0.019630055874586105,
                256.6095275878906
            ]
        ],
        [
            [
                0.9374778270721436,
                0.09164878726005554,
                -0.33576151728630066,
                -0.11998473852872849,
                384.0
            ],
            [
                -0.06784176081418991,
                0.9943216443061829,
                0.08198743313550949,
                0.036550723016262054,
                512.0
            ],
            [
                0.34136897325515747,
                -0.05408275127410889,
                0.9383721351623535,
                -0.021529782563447952,
                256.6095275878906
            ]
        ],
        [
            [
                0.9467490315437317,
                0.07777172327041626,
                -0.3124385178089142,
                -0.11398328095674515,
                384.0
            ],
            [
                -0.06190991774201393,
                0.996253252029419,
                0.06038689985871315,
                0.03692466765642166,
                512.0
            ],
            [
                0.3159642815589905,
                -0.037828195840120316,
                0.9480166435241699,
                -0.023971544578671455,
                256.6095275878906
            ]
        ],
        [
            [
                0.9543994665145874,
                0.07109237462282181,
                -0.2899440824985504,
                -0.10724746435880661,
                384.0
            ],
            [
                -0.05646577477455139,
                0.9966883063316345,
                0.058514874428510666,
                0.03255871683359146,
                512.0
            ],
            [
                0.2931438386440277,
                -0.03947465121746063,
                0.9552530646324158,
                -0.02495967037975788,
                256.6095275878906
            ]
        ],
        [
            [
                0.9587839245796204,
                0.07638844102621078,
                -0.27367526292800903,
                -0.0975031703710556,
                384.0
            ],
            [
                -0.06676331162452698,
                0.9967837333679199,
                0.04432687535881996,
                0.026147570461034775,
                512.0
            ],
            [
                0.27618110179901123,
                -0.024228421971201897,
                0.9608001708984375,
                -0.024702420458197594,
                256.6095275878906
            ]
        ],
        [
            [
                0.962653398513794,
                0.07101147621870041,
                -0.2612582743167877,
                -0.08444763720035553,
                384.0
            ],
            [
                -0.06503284722566605,
                0.9973867535591125,
                0.03147007152438164,
                0.01956060715019703,
                512.0
            ],
            [
                0.26281028985977173,
                -0.013304399326443672,
                0.9647557735443115,
                -0.02398792840540409,
                256.6095275878906
            ]
        ],
        [
            [
                0.9656699299812317,
                0.055127158761024475,
                -0.2538553774356842,
                -0.06977662444114685,
                384.0
            ],
            [
                -0.0500696636736393,
                0.9983981847763062,
                0.026346098631620407,
                0.01604124717414379,
                512.0
            ],
            [
                0.25490114092826843,
                -0.012731177732348442,
                0.9668833017349243,
                -0.023152843117713928,
                256.6095275878906
            ]
        ],
        [
            [
                0.9716655611991882,
                0.0485396534204483,
                -0.23132215440273285,
                -0.05824039503931999,
                384.0
            ],
            [
                -0.04484675079584122,
                0.9987689256668091,
                0.021199287846684456,
                0.012519109062850475,
                512.0
            ],
            [
                0.23206637799739838,
                -0.01022457703948021,
                0.972646176815033,
                -0.023760203272104263,
                256.6095275878906
            ]
        ],
        [
            [
                0.9787108302116394,
                0.035553257912397385,
                -0.20214100182056427,
                -0.04760288819670677,
                384.0
            ],
            [
                -0.03140177205204964,
                0.9992255568504333,
                0.023708591237664223,
                0.00980846956372261,
                512.0
            ],
            [
                0.20282739400863647,
                -0.01685628853738308,
                0.9790694117546082,
                -0.021367674693465233,
                256.6095275878906
            ]
        ],
        [
            [
                0.9857901334762573,
                0.016518980264663696,
                -0.16716733574867249,
                -0.0385499931871891,
                384.0
            ],
            [
                -0.013298152945935726,
                0.999704122543335,
                0.020368268713355064,
                0.009739856235682964,
                512.0
            ],
            [
                0.1674543172121048,
                -0.017855817452073097,
                0.9857181310653687,
                -0.01902882568538189,
                256.6095275878906
            ]
        ],
        [
            [
                0.9940429329872131,
                -0.024527648463845253,
                -0.10619324445724487,
                -0.029718657955527306,
                384.0
            ],
            [
                0.02388233132660389,
                0.9996877908706665,
                -0.007344395387917757,
                0.008985553868114948,
                512.0
            ],
            [
                0.10634021461009979,
                0.004764503799378872,
                0.9943183660507202,
                -0.019526368007063866,
                256.6095275878906
            ]
        ],
        [
            [
                0.996925413608551,
                -0.05747244507074356,
                -0.053260546177625656,
                -0.018924014642834663,
                384.0
            ],
            [
                0.05623854696750641,
                0.9981195330619812,
                -0.02438451535999775,
                0.006641176529228687,
                512.0
            ],
            [
                0.05456181988120079,
                0.021314237266778946,
                0.9982829093933105,
                -0.017549719661474228,
                256.6095275878906
            ]
        ],
        [
            [
                0.9973762631416321,
                -0.07238245010375977,
                -0.0011842612875625491,
                -0.005644422955811024,
                384.0
            ],
            [
                0.07233220338821411,
                0.9970826506614685,
                -0.024377239868044853,
                0.0031334487721323967,
                512.0
            ],
            [
                0.002945266431197524,
                0.02422761544585228,
                0.9997021555900574,
                -0.014730325900018215,
                256.6095275878906
            ]
        ],
        [
            [
                0.9955421090126038,
                -0.08631158620119095,
                0.03802966699004173,
                0.007587121333926916,
                384.0
            ],
            [
                0.08761894702911377,
                0.995568037033081,
                -0.03416527435183525,
                0.0011739589972421527,
                512.0
            ],
            [
                -0.034912265837192535,
                0.03734508901834488,
                0.9986923933029175,
                -0.01378632988780737,
                256.6095275878906
            ]
        ],
        [
            [
                0.9933764338493347,
                -0.08995883911848068,
                0.07148883491754532,
                0.018261773511767387,
                384.0
            ],
            [
                0.09308282285928726,
                0.9947875142097473,
                -0.04163365066051483,
                -0.0015346347354352474,
                512.0
            ],
            [
                -0.06737090647220612,
                0.04801226407289505,
                0.9965721368789673,
                -0.014904760755598545,
                256.6095275878906
            ]
        ],
        [
            [
                0.9906363487243652,
                -0.08118946850299835,
                0.10976286977529526,
                0.02613465115427971,
                384.0
            ],
            [
                0.08702198415994644,
                0.9949795007705688,
                -0.04942740127444267,
                -0.0046410285867750645,
                512.0
            ],
            [
                -0.10519884526729584,
                0.05851636454463005,
                0.992728054523468,
                -0.015788011252880096,
                256.6095275878906
            ]
        ],
        [
            [
                0.9841242432594299,
                -0.0777457132935524,
                0.15954653918743134,
                0.03701910376548767,
                384.0
            ],
            [
                0.08706129342317581,
                0.9948321580886841,
                -0.052243027836084366,
                -0.01274219062179327,
                512.0
            ],
            [
                -0.15466035902500153,
                0.06530395150184631,
                0.9858070611953735,
                -0.014295753091573715,
                256.6095275878906
            ]
        ],
        [
            [
                0.9752621054649353,
                -0.08337955921888351,
                0.20472335815429688,
                0.0481816902756691,
                384.0
            ],
            [
                0.09429816901683807,
                0.994564414024353,
                -0.04415271431207657,
                -0.022180479019880295,
                512.0
            ],
            [
                -0.1999291330575943,
                0.06236550211906433,
                0.9778235554695129,
                -0.01406129077076912,
                256.6095275878906
            ]
        ],
        [
            [
                0.9670580625534058,
                -0.08990566432476044,
                0.23815062642097473,
                0.05693156272172928,
                384.0
            ],
            [
                0.10679350048303604,
                0.9925315976142883,
                -0.05895978584885597,
                -0.025699425488710403,
                512.0
            ],
            [
                -0.23107120394706726,
                0.08245047181844711,
                0.9694369435310364,
                -0.016775554046034813,
                256.6095275878906
            ]
        ],
        [
            [
                0.9562870860099792,
                -0.08457398414611816,
                0.27993255853652954,
                0.06346601992845535,
                384.0
            ],
            [
                0.11014840751886368,
                0.9909359812736511,
                -0.07689745724201202,
                -0.02863774076104164,
                512.0
            ],
            [
                -0.2708917260169983,
                0.10437017679214478,
                0.9569349884986877,
                -0.02136271819472313,
                256.6095275878906
            ]
        ],
        [
            [
                0.9491124153137207,
                -0.08947527408599854,
                0.3019599914550781,
                0.07428894937038422,
                384.0
            ],
            [
                0.1217765212059021,
                0.9884812235832214,
                -0.08986281603574753,
                -0.028256185352802277,
                512.0
            ],
            [
                -0.29044127464294434,
                0.12206154316663742,
                0.9490757584571838,
                -0.025701694190502167,
                256.6095275878906
            ]
        ],
        [
            [
                0.9393458366394043,
                -0.09339582920074463,
                0.3300100564956665,
                0.08168948441743851,
                384.0
            ],
            [
                0.12964734435081482,
                0.9875075221061707,
                -0.08955670893192291,
                -0.03027551807463169,
                512.0
            ],
            [
                -0.31752318143844604,
                0.12690964341163635,
                0.9397196173667908,
                -0.03068649396300316,
                256.6095275878906
            ]
        ],
        [
            [
                0.9327614903450012,
                -0.09519100934267044,
                0.3476991653442383,
                0.08885061740875244,
                384.0
            ],
            [
                0.1395370215177536,
                0.9846600294113159,
                -0.1047571524977684,
                -0.03301963582634926,
                512.0
            ],
            [
                -0.3323935568332672,
                0.14623034000396729,
                0.9317355751991272,
                -0.03495911508798599,
                256.6095275878906
            ]
        ],
        [
            [
                0.926892876625061,
                -0.09544535726308823,
                0.3629872798919678,
                0.09610725194215775,
                384.0
            ],
            [
                0.14709706604480743,
                0.9821339845657349,
                -0.11736803501844406,
                -0.034614447504282,
                512.0
            ],
            [
                -0.3452998995780945,
                0.16218195855617523,
                0.9243727326393127,
                -0.03984828665852547,
                256.6095275878906
            ]
        ],
        [
            [
                0.9282227158546448,
                -0.09384047240018845,
                0.3599952161312103,
                0.10454708337783813,
                384.0
            ],
            [
                0.15041641891002655,
                0.9797093272209167,
                -0.13245606422424316,
                -0.0347721129655838,
                512.0
            ],
            [
                -0.34026092290878296,
                0.17709791660308838,
                0.923503577709198,
                -0.0441630519926548,
                256.6095275878906
            ]
        ],
        [
            [
                0.9309194684028625,
                -0.09965824335813522,
                0.35136470198631287,
                0.11437045782804489,
                384.0
            ],
            [
                0.15896457433700562,
                0.9767053127288818,
                -0.14414219558238983,
                -0.03504317253828049,
                512.0
            ],
            [
                -0.328814834356308,
                0.19003932178020477,
                0.9250761270523071,
                -0.04854869842529297,
                256.6095275878906
            ]
        ],
        [
            [
                0.9362576603889465,
                -0.09944894164800644,
                0.3369442820549011,
                0.12055342644453049,
                384.0
            ],
            [
                0.16009296476840973,
                0.9745005369186401,
                -0.15722249448299408,
                -0.034820277243852615,
                512.0
            ],
            [
                -0.3127167820930481,
                0.20114317536354065,
                0.9283046722412109,
                -0.050591547042131424,
                256.6095275878906
            ]
        ],
        [
            [
                0.9361383318901062,
                -0.10945645719766617,
                0.33416199684143066,
                0.12057360261678696,
                384.0
            ],
            [
                0.16848434507846832,
                0.9737508296966553,
                -0.15304356813430786,
                -0.03562860190868378,
                512.0
            ],
            [
                -0.30863893032073975,
                0.19957102835178375,
                0.9300072193145752,
                -0.051165152341127396,
                256.6095275878906
            ]
        ],
        [
            [
                0.9384739995002747,
                -0.10963055491447449,
                0.327487051486969,
                0.12151974439620972,
                384.0
            ],
            [
                0.16909031569957733,
                0.9727015495300293,
                -0.15893471240997314,
                -0.03510954603552818,
                512.0
            ],
            [
                -0.3011230528354645,
                0.2045309841632843,
                0.9313924908638,
                -0.05121934041380882,
                256.6095275878906
            ]
        ],
        [
            [
                0.9394431710243225,
                -0.10896357893943787,
                0.32492074370384216,
                0.11761567741632462,
                384.0
            ],
            [
                0.16639582812786102,
                0.9738790392875671,
                -0.15450559556484222,
                -0.03755440562963486,
                512.0
            ],
            [
                -0.2995980381965637,
                0.19921466708183289,
                0.933035135269165,
                -0.049616921693086624,
                256.6095275878906
            ]
        ],
        [
            [
                0.9455441236495972,
                -0.1009334847331047,
                0.3094490170478821,
                0.11184289306402206,
                384.0
            ],
            [
                0.1577983796596527,
                0.9736588597297668,
                -0.164584681391716,
                -0.04362262412905693,
                512.0
            ],
            [
                -0.2846856713294983,
                0.20445263385772705,
                0.936564564704895,
                -0.04706614837050438,
                256.6095275878906
            ]
        ],
        [
            [
                0.9567527770996094,
                -0.0758623331785202,
                0.2808361351490021,
                0.10339939594268799,
                384.0
            ],
            [
                0.13265292346477509,
                0.9729570746421814,
                -0.18909700214862823,
                -0.05488353967666626,
                512.0
            ],
            [
                -0.2588961720466614,
                0.2181728333234787,
                0.9409428238868713,
                -0.0434950552880764,
                256.6095275878906
            ]
        ],
        [
            [
                0.9679657220840454,
                -0.05299258232116699,
                0.24542662501335144,
                0.09619788080453873,
                384.0
            ],
            [
                0.10815885663032532,
                0.9701370596885681,
                -0.2171075940132141,
                -0.06546897441148758,
                512.0
            ],
            [
                -0.22659239172935486,
                0.2366977483034134,
                0.9447910189628601,
                -0.040049146860837936,
                256.6095275878906
            ]
        ],
        [
            [
                0.9765745997428894,
                -0.03192068263888359,
                0.2127983719110489,
                0.08983885496854782,
                384.0
            ],
            [
                0.08585843443870544,
                0.9646059274673462,
                -0.24932652711868286,
                -0.07770989090204239,
                512.0
            ],
            [
                -0.19730791449546814,
                0.2617564797401428,
                0.9447503089904785,
                -0.03731856495141983,
                256.6095275878906
            ]
        ],
        [
            [
                0.9819983839988708,
                -0.008913304656744003,
                0.1886787712574005,
                0.08337557315826416,
                384.0
            ],
            [
                0.0587870217859745,
                0.9636993408203125,
                -0.2604374587535858,
                -0.09268629550933838,
                512.0
            ],
            [
                -0.1795082539319992,
                0.26684102416038513,
                0.9468752145767212,
                -0.033385660499334335,
                256.6095275878906
            ]
        ],
        [
            [
                0.9870041012763977,
                0.006237389519810677,
                0.16057392954826355,
                0.07642655819654465,
                384.0
            ],
            [
                0.040636081248521805,
                0.9570814967155457,
                -0.2869560718536377,
                -0.10670039057731628,
                512.0
            ],
            [
                -0.15547221899032593,
                0.28975194692611694,
                0.944389820098877,
                -0.030321670696139336,
                256.6095275878906
            ]
        ],
        [
            [
                0.9899449944496155,
                0.023842444643378258,
                0.13942913711071014,
                0.0713474303483963,
                384.0
            ],
            [
                0.022044185549020767,
                0.947645902633667,
                -0.31856128573417664,
                -0.11898667365312576,
                512.0
            ],
            [
                -0.1397247463464737,
                0.3184317350387573,
                0.9375917315483093,
                -0.027541328221559525,
                256.6095275878906
            ]
        ],
        [
            [
                0.9914376139640808,
                0.035446543246507645,
                0.12567809224128723,
                0.06789963692426682,
                384.0
            ],
            [
                0.009274298325181007,
                0.9409070611000061,
                -0.33853787183761597,
                -0.1286826878786087,
                512.0
            ],
            [
                -0.13025140762329102,
                0.33680474758148193,
                0.9325218796730042,
                -0.025644967332482338,
                256.6095275878906
            ]
        ],
        [
            [
                0.9939835071563721,
                0.029663417488336563,
                0.10543667525053024,
                0.0660485103726387,
                384.0
            ],
            [
                0.010834962129592896,
                0.9312776923179626,
                -0.3641490042209625,
                -0.1370011270046234,
                512.0
            ],
            [
                -0.10899271816015244,
                0.36310049891471863,
                0.9253532290458679,
                -0.023833058774471283,
                256.6095275878906
            ]
        ],
        [
            [
                0.9970083832740784,
                0.013644679449498653,
                0.07607962191104889,
                0.06426196545362473,
                384.0
            ],
            [
                0.01660372130572796,
                0.9235089421272278,
                -0.38321730494499207,
                -0.14728140830993652,
                512.0
            ],
            [
                -0.0754891037940979,
                0.38333407044410706,
                0.9205195903778076,
                -0.01795521192252636,
                256.6095275878906
            ]
        ],
        [
            [
                0.998694121837616,
                0.02890557423233986,
                0.04212517663836479,
                0.05916687846183777,
                384.0
            ],
            [
                -0.010062272660434246,
                0.9196882843971252,
                -0.3925202190876007,
                -0.16018225252628326,
                512.0
            ],
            [
                -0.0500880591571331,
                0.39158374071121216,
                0.9187781810760498,
                -0.013138803653419018,
                256.6095275878906
            ]
        ],
        [
            [
                0.9993792772293091,
                0.03423342481255531,
                0.008319634012877941,
                0.05227160453796387,
                384.0
            ],
            [
                -0.02800157107412815,
                0.9151714444160461,
                -0.4020909368991852,
                -0.16859346628189087,
                512.0
            ],
            [
                -0.021378858014941216,
                0.4016083776950836,
                0.9155619144439697,
                -0.010792986489832401,
                256.6095275878906
            ]
        ],
        [
            [
                0.9994403719902039,
                0.02624269388616085,
                -0.020740676671266556,
                0.04457167536020279,
                384.0
            ],
            [
                -0.032379381358623505,
                0.9146026968955994,
                -0.40305519104003906,
                -0.17129623889923096,
                512.0
            ],
            [
                0.008392215706408024,
                0.4035012125968933,
                0.914940595626831,
                -0.009029137901961803,
                256.6095275878906
            ]
        ],
        [
            [
                0.9991315603256226,
                0.024321317672729492,
                -0.03383205458521843,
                0.03259750455617905,
                384.0
            ],
            [
                -0.03558087721467018,
                0.9205447435379028,
                -0.3890133500099182,
                -0.17319419980049133,
                512.0
            ],
            [
                0.02168259397149086,
                0.3898792862892151,
                0.9206106662750244,
                -0.007766947150230408,
                256.6095275878906
            ]
        ],
        [
            [
                0.998540997505188,
                0.018905216827988625,
                -0.05058089643716812,
                0.02019321173429489,
                384.0
            ],
            [
                -0.037418439984321594,
                0.9176046252250671,
                -0.3957292437553406,
                -0.169392392039299,
                512.0
            ],
            [
                0.038931913673877716,
                0.3970445692539215,
                0.9169732332229614,
                -0.006237840745598078,
                256.6095275878906
            ]
        ],
        [
            [
                0.998174250125885,
                0.0151553675532341,
                -0.05846743285655975,
                0.009111762046813965,
                384.0
            ],
            [
                -0.0369410514831543,
                0.9190327525138855,
                -0.392446368932724,
                -0.16263069212436676,
                512.0
            ],
            [
                0.04778580740094185,
                0.3938896954059601,
                0.9179146885871887,
                -0.004061901941895485,
                256.6095275878906
            ]
        ],
        [
            [
                0.9980484843254089,
                0.01648496836423874,
                -0.06022760272026062,
                0.0028102074284106493,
                384.0
            ],
            [
                -0.037877921015024185,
                0.9266322255134583,
                -0.37405604124069214,
                -0.15955568850040436,
                512.0
            ],
            [
                0.04964252561330795,
                0.37560737133026123,
                0.9254483580589294,
                -0.0019146210979670286,
                256.6095275878906
            ]
        ],
        [
            [
                0.997108519077301,
                0.019415229558944702,
                -0.07346872240304947,
                -0.0010281946742907166,
                384.0
            ],
            [
                -0.04428102821111679,
                0.9341539740562439,
                -0.3541123569011688,
                -0.15539506077766418,
                512.0
            ],
            [
                0.06175590306520462,
                0.35634171962738037,
                0.9323126077651978,
                0.00037345755845308304,
                256.6095275878906
            ]
        ],
        [
            [
                0.9962357878684998,
                0.02267402596771717,
                -0.08366656303405762,
                -0.005181504879146814,
                384.0
            ],
            [
                -0.04928089678287506,
                0.9421802759170532,
                -0.33146294951438904,
                -0.14590497314929962,
                512.0
            ],
            [
                0.07131337374448776,
                0.3343384265899658,
                0.939751148223877,
                0.003568252082914114,
                256.6095275878906
            ]
        ],
        [
            [
                0.996208667755127,
                0.02657887153327465,
                -0.08283617347478867,
                -0.008648389019072056,
                384.0
            ],
            [
                -0.050443682819604874,
                0.952255129814148,
                -0.30110716819763184,
                -0.12887217104434967,
                512.0
            ],
            [
                0.07087807357311249,
                0.30414411425590515,
                0.9499855637550354,
                0.006180635653436184,
                256.6095275878906
            ]
        ],
        [
            [
                0.9973547458648682,
                0.022986335679888725,
                -0.06895801424980164,
                -0.012313912622630596,
                384.0
            ],
            [
                -0.0408325158059597,
                0.9620250463485718,
                -0.2698899209499359,
                -0.1056346595287323,
                512.0
            ],
            [
                0.060135528445243835,
                0.2719917297363281,
                0.9604187607765198,
                0.0073866164311766624,
                256.6095275878906
            ]
        ],
        [
            [
                0.9982619285583496,
                0.025047972798347473,
                -0.05334524065256119,
                -0.01573326252400875,
                384.0
            ],
            [
                -0.036533139646053314,
                0.9732909202575684,
                -0.22664964199066162,
                -0.0763196125626564,
                512.0
            ],
            [
                0.046243321150541306,
                0.22820457816123962,
                0.9725143909454346,
                0.00874411966651678,
                256.6095275878906
            ]
        ],
        [
            [
                0.9992685914039612,
                0.01823539100587368,
                -0.033610742539167404,
                -0.019289866089820862,
                384.0
            ],
            [
                -0.024166777729988098,
                0.9823419451713562,
                -0.18552716076374054,
                -0.04702987149357796,
                512.0
            ],
            [
                0.02963409759104252,
                0.1862037181854248,
                0.9820641875267029,
                0.011033307760953903,
                256.6095275878906
            ]
        ],
        [
            [
                0.9996688961982727,
                0.007440618705004454,
                -0.024630559608340263,
                -0.021992160007357597,
                384.0
            ],
            [
                -0.01133683230727911,
                0.9867181181907654,
                -0.16204588115215302,
                -0.024870391935110092,
                512.0
            ],
            [
                0.023097706958651543,
                0.16227146983146667,
                0.9864757657051086,
                0.013973943889141083,
                256.6095275878906
            ]
        ],
        [
            [
                0.9996204376220703,
                0.001968566793948412,
                -0.027478335425257683,
                -0.022745084017515182,
                384.0
            ],
            [
                -0.0056213741190731525,
                0.9910330176353455,
                -0.13349878787994385,
                -0.011376325972378254,
                512.0
            ],
            [
                0.026969125494360924,
                0.1336025893688202,
                0.9906679391860962,
                0.018689071759581566,
                256.6095275878906
            ]
        ],
        [
            [
                0.9996336102485657,
                0.003919214475899935,
                -0.026781918480992317,
                -0.023002708330750465,
                384.0
            ],
            [
                -0.0065995994955301285,
                0.9948909878730774,
                -0.10073915123939514,
                -0.0008304451475851238,
                512.0
            ],
            [
                0.026250261813402176,
                0.10087898373603821,
                0.9945523738861084,
                0.0232020765542984,
                256.6095275878906
            ]
        ],
        [
            [
                0.9997811913490295,
                0.009635193273425102,
                -0.018568629398941994,
                -0.02469833567738533,
                384.0
            ],
